1329
2611
190
1417
30
40
2567
5415
7261
6961
2987
2700
1641
7095
2879
8706
8948
5549
8695
5098
9382
5894
6533
7067
4138
1868
7333
8901
5327
4228
4565
7475
5804
6285
2628
8420
8613
916
4969
4078
4142
9763
3839
2272
5000
939
4331
6957
5818
8773
7614
3918
4020
1174
8286
5581
354
1391
6383
5911
3457
5277
9907
4940
2691
9792
7097
286
8527
9696
1324
7175
3984
5298
2153
3439
7764
8959
3101
2600
5020
3163
5509
5166
9109
1040
2126
1621
7077
7939
1716
7600
922
3284
7966
5238
457
4083
6395
7044
632
8848
3093
8266
9262
2646
7780
3355
3911
1036
5899
6066
3033
7887
7523
1175
5999
5254
2683
3365
1286
7933
7205
3517
9600
7549
4698
8267
6173
7791
5921
254
4807
946
4815
8232
5041
9585
5734
2836
8027
2911
9710
5826
8463
4459
1751
5592
6401
7939
5823
349
4930
719
8171
8676
4863
5102
9934
8957
1594
6016
6023
3783
6127
5260
8624
9010
4125
1115
8474
6527
5881
1875
7081
3156
1796
7619
7233
2060
7799
7625
871
1007
1229
5679
5162
2946
962
6518
4247
744
3211
4311
8274
2320
8585
8680
4931
3738
8178
3674
8329
3716
7396
5728
1832
9449
240
2916
6094
8152
4456
3629
4340
8306
7494
1056
249
5809
2673
8355
1631
6092
9468
6373
3151
7126
1351
5712
2041
6045
1957
703
9904
7717
9695
1114
3180
286
5701
787
3116
9138
8733
1499
6774
1312
2678
8415
7210
5836
4356
499
8848
7830
1479
1863
9278
6020
2792
797
6455
4661
1577
6291
8897
3655
6922
7597
4575
2497
9926
4335
9657
4033
5198
8914
5166
5523
1327
8625
9997
4741
5108
2012
1293
6597
1577
1706
4145
1417
692
2768
3708
1169
3393
4649
9975
5435
6419
3920
2747
7204
3942
9145
9559
6292
4288
8112
1371
9046
9181
6828
6574
9579
6019
3956
5309
8227
6324
5475
9464
8533
1858
7731
5035
9240
4437
3625
5379
9466
5729
4985
4534
1776
387
116
9658
68
8165
6570
1767
4048
400
728
6628
5950
4731
7245
2996
831
2697
1980
2612
973
6316
5788
2119
1628
978
4931
2201
1525
1265
9885
974
1227
5937
7306
5272
8989
6741
3247
2240
372
9054
1570
8724
1348
8833
8545
6274
8617
7854
4822
360
7238
2739
8044
5730
9313
5212
3
2285
5910
6826
8742
2899
3891
3743
9366
1425
3540
1467
7080
8673
213
1839
8345
7773
1536
9367
7676
5619
5410
6091
7309
4935
3016
1780
8245
2261
6553
3428
2314
237
8361
5387
9532
5161
4666
1726
6612
1260
3641
3145
177
5839
3167
9033
6132
8208
9791
867
5550
8521
4265
1621
7315
1623
3551
4795
2552
4261
4949
4636
6932
3942
4316
3676
6716
2081
6903
7851
7384
6927
3905
8720
2296
9305
1802
1930
5111
6427
495
8877
86
8354
7481
3783
6581
8775
1908
3381
4327
5773
4145
3187
564
1495
2795
5933
12
1326
4527
9818
6920
4464
8879
7358
7574
3729
1963
2544
9528
2003
3568
2212
6319
7314
1830
666
1084
7389
7239
6723
3087
2634
725
7757
3554
7423
1262
5777
307
8086
589
9830
9391
4253
6064
8059
4399
461
1126
7630
5174
7938
97
6924
9546
8408
5022
2779
6416
6546
9426
3985
7277
1298
846
913
6715
8880
9210
7602
2448
549
5621
7387
9927
9602
9808
2025
3864
6421
4388
847
938
2346
5173
7879
5865
5140
6226
7531
5531
980
5605
6131
4003
723
8071
8724
433
8672
2986
1413
4348
7616
6397
4250
8864
9982
7047
6559
4697
981
3449
2526
795
9759
9829
1049
1721
2312
5250
2109
7394
9505
3813
4778
8733
8852
7465
8013
2905
6105
313
4470
2911
2018
3764
7917
5085
6930
3966
42
9575
3201
9361
2682
2539
5181
4367
5863
5767
9136
1108
1202
8322
2915
2856
4984
4613
1890
1457
8204
9928
3738
1459
9681
2099
6937
4367
816
1479
7836
7139
490
261
2768
9556
140
3795
6462
1142
3002
419
5930
1347
3439
5833
5749
8980
757
1983
8267
5110
9382
531
9933
3611
7454
9231
9099
5468
5691
87
392
956
9882
251
3151
2232
6795
2879
6679
5370
3766
4488
5602
2732
8147
180
9882
2517
7712
9551
541
2665
6425
5455
6549
8969
7129
3810
8675
331
9366
9626
6039
2391
2549
2910
3626
1628
5041
5720
7420
3613
1561
646
8370
1591
6190
1245
9697
1060
8772
5717
6537
5397
6022
7859
3165
8552
900
8589
8840
2377
1981
2933
7813
9424
8326
362
2018
2007
2634
456
7078
6868
3939
9530
7036
1828
161
9311
8671
7006
8828
9650
5600
3121
4058
8217
8578
3186
4619
8424
4645
4832
3857
2796
8962
491
2963
2806
2330
3554
1969
617
6036
1142
3824
1999
3435
2876
9498
7604
3561
1276
7832
1040
5783
6111
5623
7505
7722
138
5678
8211
167
9976
2703
9038
2832
6027
6427
1320
56
1015
3622
3347
2578
6289
4023
9007
6646
3681
6264
1701
5405
4402
1070
925
6905
5532
2157
9424
7959
6077
2255
3404
423
1809
3377
7706
2832
7284
2495
6223
8834
9770
1140
3188
8482
1072
5634
6519
2547
6135
1242
1812
5276
1599
3984
5554
5733
2774
2400
1553
6931
7640
8369
8449
3054
8367
6373
1451
8158
2864
6867
2114
4795
7324
5639
4528
1390
4881
326
9816
7079
7296
2109
4633
5271
6553
3822
2822
4274
4573
8469
2451
9221
366
960
9391
7320
5538
7120
7571
8353
4849
3363
4864
5615
2027
9371
2433
3227
1910
9209
8785
24
6478
4323
1215
777
3794
9639
6351
1229
1159
1018
2204
2910
8228
7235
5680
6883
8146
2324
4885
8835
1882
5304
6306
4724
4276
5002
9548
5006
7794
4043
5580
9244
2165
1502
7200
6206
2328
9678
8291
6542
5704
8576
934
6048
4449
3347
9050
6033
3780
8984
1985
1319
41
8937
216
6217
1245
2402
5721
7071
7168
4097
9935
3901
8866
2832
3909
1520
6045
5841
1454
7315
2615
