854335
422627
247481
845793
033671
415071
766242
304041
119999
669446
690969
333450
318639
382571
058868
078570
253125
056623
549166
690843
695695
739883
563079
500167
860870
005987
758019
112528
639399
234322
227202
688981
074408
641680
988308
969478
235587
565554
798176
727977
532211
202674
356675
966962
685805
187151
822234
055225
891729
607154
009821
943825
541810
251346
118759
479875
290215
697544
581098
094633
356492
672843
400992
200007
824072
947683
097342
696123
849951
186133
513743
833324
714213
097270
284161
077031
136043
525806
452740
547779
243276
481139
162619
477871
716846
727666
185271
019714
086920
061441
271944
960552
884790
188938
002961
481373
797310
555351
439500
588962
731362
741902
290598
834025
225924
307696
391508
008418
686645
099423
918640
065002
441603
792123
467249
507108
779451
596378
820403
517013
226650
489399
161922
729256
153971
906353
729234
722833
461576
973143
048924
109802
281532
060648
439209
262447
745197
395763
757006
314709
691587
062867
891094
723276
293902
277349
577887
990910
288413
678058
998210
523193
726339
483498
304904
755952
787032
992406
134677
094031
044348
087112
988833
650025
170570
554979
467673
220874
676039
311437
260691
699238
041288
179170
279369
217759
925873
376318
111756
600046
354783
419225
664216
173028
623730
942517
796213
610314
177440
424136
260359
374432
512443
824487
881204
711437
225928
815653
540943
886163
111639
096165
748856
226720
882413
743501
546041
164723
149371
245834
622226
851018
498070
114166
985096
540967
833503
467128
353364
276330
234009
228189
485354
673892
579088
168467
797852
269499
642673
651260
112669
629033
112679
780424
168705
058488
737910
667101
254060
254119
227437
072319
362070
658902
066273
400880
202271
402274
524060
803821
265894
181402
642058
908269
548102
148343
405474
208718
536580
164959
988456
550088
678683
863411
583494
304164
421825
078525
104997
783144
155155
328325
813495
209792
161472
147635
514918
463979
506471
053396
806649
026151
594617
269635
092244
448322
864274
264074
304965
717771
104497
691432
265302
335662
351127
651781
685609
652142
164309
824494
680374
335585
082089
299880
830416
328661
447331
535406
642224
327228
437318
003803
333123
652462
348378
867113
600393
317791
818251
926617
941001
102384
487548
791829
849861
174801
296397
327580
149501
195895
086652
717267
967624
625682
965130
932146
879380
168378
057427
057037
791100
514575
157191
655143
286276
845620
098299
122905
059511
836873
738284
684596
510843
980000
755310
610322
845531
580899
240925
489152
955572
239455
521168
728582
628107
336209
725347
973227
137740
869924
046710
170283
352741
111946
854500
043352
402526
646774
598951
856107
016958
581814
739449
268432
157172
136612
689068
553140
360488
774577
411693
903977
337156
105598
950039
873124
144303
702806
831216
304131
899659
724825
711998
926712
351169
215627
675260
577389
176725
472338
124851
238493
470567
804530
305676
641600
380244
608937
125524
755896
903920
990414
218825
371262
335241
397191
035131
376346
493518
718072
753410
771473
199129
418026
679960
459827
214703
600829
051049
384047
658567
674982
174429
987228
115308
842501
358966
524651
934963
366582
028771
426465
280650
647743
012866
820422
452825
557664
419283
217950
024388
555899
407028
154819
547146
954536
355555
646071
110108
674939
271091
527050
451171
406177
042908
476842
143950
740146
682729
106516
180408
322242
851281
990907
623005
352385
774691
057387
731678
784489
928283
911484
950711
369409
988071
526040
486009
558689
520005
465172
326008
646249
140787
890775
433923
533349
678196
274145
041302
944611
571655
047540
794455
199763
793862
073500
874117
104582
396920
526560
782560
658755
875101
249818
015276
750919
930692
628297
346411
740734
398168
187973
183666
185909
650594
288575
845461
022954
048735
685736
067788
994264
876876
033934
395212
474659
190763
216505
522698
263883
824490
231561
816260
066501
438148
299931
551179
663580
221693
774969
682109
214298
327391
572386
698145
106678
531809
015349
018724
783326
765480
204763
563780
003840
979539
232955
666787
947946
149560
355975
470941
171182
000907
858582
448362
670008
993587
866471
180094
716764
830048
154638
903947
669491
427047
271079
104897
342671
741432
766651
134804
916713
154220
848639
522500
087668
748111
838892
117223
859665
631333
480347
787094
335956
709614
200927
057204
731430
255007
448683
907971
985525
081406
552902
457649
672815
516745
702855
780497
167538
276346
439771
373579
718475
811021
153905
810778
900322
949036
349462
451494
324797
382191
669536
678825
461195
401942
580571
908773
927535
307026
549979
354841
820053
670637
330465
079635
666835
602070
963949
114447
032906
523228
959020
118953
561144
818577
342769
520959
703434
358283
724700
735669
319511
630866
128264
586150
692340
924677
782871
155052
413981
739424
714071
483509
753130
297792
368759
586318
945725
205854
997625
176849
768554
566211
808965
342662
999657
547157
931511
244717
543622
558732
122177
440260
204352
381530
838859
470631
146746
086771
614272
975696
635382
087151
657953
012566
485757
371413
779999
677565
350359
731292
815683
377966
161862
652936
186195
175376
971331
874457
372459
918204
898625
677807
368710
283591
919582
177705
052141
882279
084194
936570
062341
162189
916169
810978
139922
274651
131110
122456
319521
909472
101652
855540
052066
327893
323598
731403
084143
564752
348287
783915
212313
201754
209118
727950
062441
337373
625253
549672
527705
777469
983922
648721
191784
604289
879546
568188
934936
920577
019157
583338
232707
071829
017403
612702
298135
999404
178223
357500
795119
440399
708624
828105
020628
789011
499681
133585
593263
855849
304909
360497
170214
175829
767936
300232
954776
705954
879203
271783
870430
398311
887371
064588
030638
846981
824430
290272
649190
417213
829836
046483
518027
543906
128948
928658
713149
555940
921912
875064
559610
908361
323267
094852
348941
696200
181032
792882
359000
788363
143598
976249
571643
710426
244538
102707
041448
856482
962670
816714
295665
216388
100550
168419
872282
393809
284061
684508
815807
118561
504487
695014
526788
515101
287274
029932
414543
289647
731413
125770
168045
795688
830984
253645
753744
876833
810232
280374
046529
962210
842503
050914
153101
294770
741227
608926
385326
343944
714238
431811
842761
710723
426193
456629
699713
357995
721342
885281
438421
140208
355906
299176
297833
814209
775646
069225
815128
913249
847340
667362
339367
012485
927449
821282
816135
170391
777747
047822
248060
463868
986193
228487
339962
440961
958563
993628
808490
245983
076623
566749
303041
518041
486330
853365
983711
017003
093901
240123
706989
333128
806887
625372
516582
411955
689084
602323
931464
235825
600026
854208
297489
594615
574120
955378
177209
695044
552481
305523
989210
907968
002943
966582
543840
242856
665465
624600
228037
521320
265229
984264
572936
754823
869645
691919
237659
443598
928065
751346
436937
135768
217447
517101
837129
257847
363628
515218
232171
852303
133838
954348
764458
707393
240546
434724
917464
153362
469483
106360
279374
880448
464068
128789
899346
374710
867709
258694
898902
537910
359039
468410
178458
301544
797734
059072
977286
385766
316372
345501
315820
501015
450269
230037
379050
205547
338976
625488
560139
697345
056288
681441
226620
342393
770058
327702
010424
769981
338446
806938
625844
857787
977978
931912
850285
265471
978264
127469
678739
802702
793556
171132
909468
402783
950080
161893
128620
394606
617848
138323
606156
359598
064000
061699
767033
226669
694682
802103
995388
366599
601044
233856
339308
157701
170146
845095
327358
850321
542458
685128
202604
249892
685478
012823
768047
125085
122668
449741
441157
259880
681816
640818
879361
046242
499277
349200
478056
934808
872614
356765
252753
503012
472467
020821
059807
856497
922208
098136
579141
920925
632805
330027
415740
908355
640333
787263
133922
833523
220071
644841
153587
045060
619420
704492
639667
979237
155306
914270
516682
178973
958177
331556
478126
864109
625299
824793
064023
484358
407975
387732
399454
157781
582560
674075
139574
925087
102201
861931
026518
787130
435184
990295
918325
544813
197171
474771
539164
428406
483582
461220
303452
621822
578727
079472
100571
400654
282378
487775
658722
449797
731537
315175
227236
207947
340847
297577
381480
370421
670952
103857
633529
166988
471584
935100
736976
070472
764578
457118
665646
466865
094103
402483
862961
988712
737443
712524
854094
558501
970265
072852
900627
987607
202074
337399
937053
791513
139649
662287
958796
420404
352712
235014
745586
427096
168454
983749
620359
732040
880927
172773
043437
297824
396221
671463
700647
979897
262703
864971
226443
612888
509843
033299
469199
795948
831622
264158
134671
646402
645134
393156
435602
175926
996179
149331
086341
804833
871156
445841
460235
595679
386519
115592
681276
683981
587603
867656
569175
257416
953994
738524
395411
653500
422141
252552
537567
688214
192116
811055
525629
595908
173274
375006
723459
514218
375897
824959
969430
128469
116696
997018
312051
744728
646554
824149
262797
565630
628630
166516
751258
654015
992844
933046
468240
434038
006893
717343
406086
063213
654634
601134
075806
757895
515806
430159
983813
494402
583554
154701
176896
818308
606809
913124
469522
723705
686978
062823
884229
975955
963010
636463
379580
750658
182721
006835
368239
140401
470183
343094
425991
554852
634479
715114
914178
703608
907995
927517
445460
884113
013514
161120
012612
286133
709075
697937
367689
592542
659324
325093
288866
097787
405216
929332
459156
108663
334079
719694
607043
569506
232539
930614
439451
357231
085635
335915
685505
748072
908100
460001
240184
162460
244124
410106
616905
336305
549169
981421
876767
583091
404305
631097
944683
178864
502617
174301
202655
530764
893386
577452
195645
397622
654869
070299
255006
583588
722967
307893
145152
063528
581885
937775
815945
176346
380697
970284
179791
134198
602540
670397
272262
222984
911620
007646
276396
824201
142088
136219
588718
899035
056740
651160
630967
180827
818476
890630
693459
829953
587855
850329
882250
655057
435235
022012
843298
501453
674089
484690
211804
254842
449471
167494
547427
932039
277109
105863
236346
070754
250152
231040
024714
077226
634592
946776
545845
538269
991084
887321
194574
612444
978199
882473
980189
154265
751742
835403
502193
704750
880004
881199
287682
957958
243141
413401
990159
291759
518544
433165
752606
726348
160499
499059
619064
349488
762194
728805
059167
785267
804039
376972
423565
712415
371221
801374
911498
607036
420865
937404
604648
989451
821767
480957
761330
793474
512116
322826
950647
612936
241584
665557
993082
762137
858640
914404
189614
455754
453050
316811
395907
218926
191646
218442
749391
739060
156779
823955
441483
424411
349701
084100
878472
455461
909689
752244
597826
231782
683443
999328
880534
676197
197937
188276
177145
997774
802825
101358
113102
582732
761939
997861
911949
844363
117185
504747
619693
813383
168030
148475
859748
993292
706265
750092
806125
174570
023502
349931
012653
452530
951939
073160
446366
630868
219411
749452
784338
710715
359160
951563
360551
963668
492505
449817
396679
864609
778213
117762
414581
763835
799672
129769
781266
946794
891540
143817
507932
947447
743114
484516
477305
137577
745513
150150
549980
847120
419598
925628
991581
017262
461196
258177
072108
949813
406843
857589
714768
233226
267617
319160
319029
350062
914290
945314
873476
793452
123149
763584
863720
034727
362874
820214
571596
062019
472621
334916
063958
244666
202622
126073
335436
986337
854068
968170
577195
221142
286318
129540
251443
665288
189427
263484
110795
514346
486542
940304
211616
318071
231624
475446
235955
765076
181289
626828
649362
248454
054338
395762
461259
173010
600096
399317
511082
856933
353763
732500
469965
751390
364192
294503
125565
626106
339546
933700
474177
546280
562837
812027
208793
293404
646467
018568
731355
766981
787584
157815
263776
735407
766658
177118
755277
473782
865071
667332
939184
352212
568205
283485
668175
472748
211870
831208
482706
748852
965700
069510
994694
408743
055179
841685
838770
380161
319454
540298
718481
993791
780916
157560
881942
243610
779240
910614
045193
271004
968620
052921
077687
636329
084420
263192
692640
563651
273750
878807
095624
815228
679424
732296
246013
517830
607051
788296
967460
230169
444522
238502
455763
488945
715120
268814
837038
588254
529197
670351
399082
569681
123654
678046
870670
131106
544008
980646
878122
690387
511299
751620
006891
465976
747703
546413
877317
704986
569079
528055
375594
051475
344574
440050
581064
451760
321197
563120
813510
326474
948536
660209
269465
465648
618951
428331
187850
579831
852501
869349
608645
377773
374330
059797
785569
719518
880716
354166
734054
099896
491071
872944
474747
033219
193951
294684
540588
111898
835989
795962
411641
937887
805967
463527
135308
872817
633679
860542
714557
551351
898340
866980
903959
384163
075109
204723
565402
040250
082357
955793
513775
257743
596995
306297
255457
034411
361412
201377
228182
876021
585943
473141
289018
836537
864914
554492
791643
440528
756474
041548
094216
591488
905201
251051
396379
232214
749407
093524
772764
849994
447023
969456
041228
160269
679063
339335
115096
942173
769610
158133
332354
214505
075240
536481
973915
260503
500101
279905
146419
001372
304187
667143
502677
979962
507201
431366
244455
196086
803948
403042
742468
338488
058157
539176
685150
157657
468551
428042
406997
746547
087558
226267
230874
449112
350523
988646
972545
403498
704424
415035
281045
624878
745567
600571
946655
125698
722927
129076
139848
425874
150615
168530
851995
569337
612970
968033
341898
507127
890286
285117
052613
296278
048475
019433
735317
157483
155034
770886
374163
640307
926197
158665
544193
489594
524409
698555
724512
775932
592032
727682
525106
659017
969247
308647
588269
080114
121209
865217
169178
191766
803705
285087
564152
809186
893447
755823
632477
272843
923094
355402
001458
206897
153295
787105
204099
828363
395169
649267
226562
860161
572789
763479
946626
345655
560357
077433
802195
460113
611210
795614
475192
635632
517164
701486
445077
729725
038052
708769
409196
834179
219905
484079
718258
098267
990068
087627
117228
135663
557117
228998
289195
969313
676283
887076
421890
402226
483784
433421
076744
029384
338631
053002
897598
167656
274982
139200
135626
183335
183083
663782
639071
945972
627515
090314
434659
743693
154917
087374
972259
710382
777634
966350
514703
457782
821594
021871
921101
047907
810401
449705
015699
605145
764073
374245
793881
227453
994484
366921
053342
824505
449780
708209
506560
458294
235808
024994
366282
917531
288461
531099
206745
883212
108428
310225
572976
631183
915769
176437
799859
577346
356806
017924
203796
001827
990332
655951
597676
132977
578908
235731
804702
737503
243546
953971
988115
091239
997079
968236
992499
326123
895704
959294
798676
605972
723044
487936
779747
270264
990181
344502
616164
101502
201708
804672
326225
487639
387305
510264
450900
659498
533525
653446
114067
328781
577827
906620
471847
986611
932207
135271
439420
037352
759234
904349
590812
417651
781375
247617
454681
448723
733760
340235
665891
138512
121137
069593
744231
930310
169553
632624
460024
614705
349994
757607
727462
354629
240670
029065
881393
910109
164645
226657
837770
545165
408883
743666
978810
758110
198396
349308
142424
175482
190339
451239
179930
902378
261769
102077
836108
841227
649161
402006
112596
046791
302534
467307
905923
926286
244745
916528
400467
525831
206241
071103
200739
048353
775697
475101
806493
158587
738937
963615
217440
699966
068823
458251
211448
738562
133107
819929
541274
734311
607927
060627
910926
099142
153679
230833
603889
864967
684568
068465
188683
453843
415739
459892
650583
370984
867052
917384
663893
787411
012282
631577
333357
093785
033885
525541
864432
001205
715289
629389
651442
169151
594309
215274
696533
881858
562379
584718
935310
238208
002080
244028
479305
860899
974862
608961
780924
569871
692255
778150
297952
775436
708102
737386
275979
967088
116788
316035
774152
069869
154355
051390
284916
364525
865239
751835
112481
951321
500014
200440
984312
310806
266313
195482
403922
484216
810565
800936
241125
612591
736772
725923
151614
549218
009065
187123
647613
759126
799126
345255
573125
159431
671490
531882
411837
404921
792657
375545
859816
928738
158946
851882
876132
741396
843891
119404
888202
051272
245823
650719
494597
511114
942940
259305
817006
809695
266866
622844
393063
375128
187984
186662
138811
048911
337741
419966
582112
015215
158253
169556
866591
756591
128267
761378
529635
104250
826934
588241
939480
388427
085990
424184
251341
951457
354878
383036
766692
877888
710111
555955
779850
691459
834872
497718
046936
116640
255829
786920
679867
424705
590120
277746
967970
643840
783839
049476
583630
317152
206804
262949
813011
370110
594927
772706
646234
945679
955784
680029
303840
809229
736061
067627
028910
268171
028145
573214
708205
463925
810674
481740
823598
410754
119687
767793
208225
333723
856449
317761
714765
571313
589335
564051
782290
839818
132157
990466
322320
622125
056096
457976
613076
244084
073671
182149
654999
840863
081219
790832
023347
109924
854856
135266
362497
504854
889910
340309
504486
450133
054956
076753
669477
374360
050414
763512
928805
278473
309326
880124
083614
453377
883499
958821
103325
742530
783984
545670
776627
796722
747043
964819
472982
356147
190201
595834
304715
212004
181755
832369
593620
409845
931193
893952
717704
522396
193386
328121
998099
636798
950555
378020
040489
629272
175045
194650
143298
429302
244344
514772
655664
468521
810679
576929
768997
587956
527949
176591
818988
911188
686748
035845
911654
270195
542152
932125
700825
833420
118828
754536
287475
730348
264761
752924
579180
542942
859936
256938
960386
119216
989179
415158
251356
316053
495172
660545
359415
547818
832557
680816
725023
059745
801477
830362
916054
453271
446089
491982
120604
442113
288593
159691
894797
515607
211785
594843
822832
057142
259834
516637
066642
683968
473308
611886
727689
137051
234408
937926
801177
606045
312276
169740
546157
554742
400495
342500
300388
608825
483648
177792
861096
248946
742926
486849
925090
790067
801159
879118
885673
244380
709539
090829
507956
266177
289268
330175
557898
660644
705740
791185
952788
482498
062283
345573
828255
520259
352615
473633
859757
030873
097669
697897
320849
792340
539800
156018
852368
414756
405103
584216
303286
509859
575591
678586
098455
188122
972418
064235
515628
630448
317871
115252
230733
965213
535467
733170
583895
237532
179334
810059
963225
932190
141358
512435
905951
998261
478242
937093
077438
577456
027396
751505
688308
847046
655010
758620
060808
259274
917978
188156
908617
485834
290703
212785
278170
113945
064624
195008
007026
121092
095523
837425
967493
377146
379160
095812
328244
214687
663763
443542
168360
342562
602744
089709
551595
202885
328242
727091
545049
129369
023575
742513
047118
202833
662328
320781
803059
480404
906163
093244
998459
335047
934103
737615
985471
014485
327728
694442
654784
045902
917520
975812
378892
496697
118186
314939
140703
521042
731679
409559
877493
135093
986501
750481
231158
657318
200439
107363
026675
925680
322827
258799
565563
078066
353603
557174
721789
142593
802112
683344
320329
623923
017242
220467
060430
041878
652373
930426
012909
236475
474158
739818
659912
100068
965597
841330
132058
479653
073604
750499
326090
531845
307905
767391
626967
822816
099294
930991
072609
204709
116798
041856
388538
111980
258988
568669
600700
992369
218920
826935
607054
792677
797585
542530
167130
516570
357086
160999
043753
267514
541586
952015
455211
491468
401061
186779
452510
410936
560821
028210
104836
115272
317982
600914
416133
827515
748409
147139
469532
835491
244579
708644
159953
404235
780486
762098
233056
368834
239812
743264
773271
172580
752687
138873
139405
307332
116048
692688
813284
147301
090143
632031
484915
423851
654519
056208
432496
744588
960070
980129
399579
577120
293285
498402
687410
860843
735071
758055
691748
103526
762180
569678
216441
076342
908789
798627
442870
554707
250197
735957
845847
083003
040983
483215
733018
110860
333179
966268
343613
009377
728306
764745
032659
210114
032645
879877
825724
953919
177842
824221
162815
882884
400604
035786
550349
609366
747345
674251
531013
534829
171451
248564
148349
642373
987347
328064
811865
627937
504488
312585
669973
425449
216074
873778
688261
969250
369240
880138
641881
740100
832596
596642
106403
371898
328349
602097
805014
325724
401055
754766
563374
558685
231542
979915
094445
410452
658575
713911
454898
213587
557797
439697
419814
629134
543458
382663
365547
672571
270718
649024
213907
396069
717127
500804
802824
695666
952413
584279
951135
466928
809549
333423
469838
633673
874266
719775
243486
741996
045811
659021
977213
857993
105270
954095
126024
542420
093071
669811
721449
160961
896839
631071
566695
783167
228416
813456
723002
305253
627828
973763
924614
007383
183413
578908
757547
012958
771607
859854
874805
029498
323573
949777
854838
588219
758476
096166
925138
437567
919067
846341
936249
631885
592097
551371
158619
329663
222795
622718
634060
423246
742261
084454
353169
130827
628162
903788
313398
974251
483984
750106
255090
553884
487646
817940
591595
506835
586598
927989
133467
490156
714694
106356
438444
339960
884090
342665
273127
041987
383587
724699
982159
910330
589350
659264
418137
903233
830314
246364
829351
893808
104993
691274
506389
032425
070889
395025
737925
877526
632927
121093
055338
051831
602619
743830
541237
763352
838432
617074
005737
810164
945118
531218
226121
418933
524517
043305
169714
741020
329475
589226
005112
164585
696849
123357
877052
061574
304895
770643
437536
830821
684735
698007
211331
987557
536267
594143
040169
917441
092862
111719
866335
786106
314628
193166
282350
548369
205518
827587
096693
738801
446906
693003
323762
824202
828566
837230
256512
227931
704452
737487
165903
508546
088899
669740
310674
747104
368155
861561
016358
239608
324487
809096
681766
710616
910478
738737
001122
294664
259984
635738
710377
026025
181662
663910
011707
074457
217115
418724
596162
422933
849565
234907
554559
196076
259729
135934
589635
554997
800604
770799
354163
600603
525132
239237
977434
948740
317434
983468
512304
017810
795030
618178
594963
497835
163838
043392
000086
201861
833730
560729
413360
855531
165102
290561
636523
763100
096685
383973
182296
793463
245714
094142
254764
463186
761761
351544
112510
502424
315827
481527
375820
112168
178215
771814
378212
785801
658679
615734
352307
244941
120006
165669
834250
545823
107949
320918
241637
209904
251362
873560
351040
868178
473076
093856
469230
930049
233057
690589
385153
260771
330497
535808
559899
585783
988729
123123
641687
276209
711669
853475
314156
378141
497843
899065
230001
334124
970098
927190
498693
741072
930104
500782
003433
322802
703214
395975
233408
708154
045890
330843
631661
517186
283040
523439
997171
475601
957447
374981
448711
084020
929585
439521
957849
518064
304011
437153
713744
573568
888309
558330
748937
897339
015993
156838
261022
776204
907031
231024
054616
713369
937595
845044
420861
481279
185630
140670
516316
475838
906124
836076
568736
473136
258321
459381
089956
472517
268711
776449
363889
543401
566734
496627
924475
105481
382285
858994
381514
601744
889826
282040
222620
444192
781352
746292
150978
653937
175364
136084
631302
410551
135809
992883
687726
537505
180047
642781
779554
933485
430804
905884
312682
609958
794806
514329
936221
238502
689389
690389
705131
838108
482322
159462
462172
881176
030990
627313
615873
491677
274997
094296
174989
879790
148361
000155
852437
145997
116324
199314
249496
306359
606873
387633
884951
337629
736848
499536
804860
451244
752373
477189
848215
664705
388309
909769
893176
919628
121007
298649
549454
385689
058198
494390
884793
784092
181634
729751
727881
749316
314680
193343
138564
507155
527948
722001
886179
908331
014523
722400
058763
225532
310232
747092
489511
435258
200920
064803
040118
364944
488762
625435
335029
730585
600490
925766
576615
504898
176505
488954
925557
985631
683534
423542
342588
450389
761827
904785
093229
366723
032490
918532
160974
730122
899549
798380
668913
903219
796163
224960
989258
460285
554167
910849
248729
283088
278414
090235
468881
649782
375263
048583
587132
252380
719407
012589
704872
636749
146039
681655
838912
875691
655965
815728
702324
584448
600759
659983
202619
714192
326646
904044
213512
342564
777342
508383
016205
751920
762704
532045
736635
704637
402753
692592
912709
983886
932649
340150
828815
064558
333014
301205
248288
442203
577987
638115
009156
028856
609235
541959
181926
476802
381998
206548
516300
975890
266697
063522
741610
068381
371833
226844
368758
814140
226568
009216
201479
621939
297075
824156
390797
231075
409218
244959
948444
214611
678908
183540
367814
933560
522995
959988
349719
583577
181172
505163
635150
319969
958810
709075
448920
115423
719296
018750
488282
050980
807297
564912
660437
698007
138768
532679
769724
579683
330398
830809
470066
636433
365664
679881
548611
338325
769429
681016
782854
276942
319446
297854
043110
219865
641092
931722
423254
830175
936701
099713
244737
080040
054369
209875
245193
555152
193362
103379
785334
968427
131995
716127
067253
628665
318292
426183
942380
627154
425575
574460
346746
069740
996494
915941
622358
678425
264614
302687
257117
756545
974348
419390
645856
752956
524371
433542
322379
874362
825467
627474
209862
877007
042459
938018
276530
999145
093140
260714
749958
928514
284455
129669
044948
827406
058618
444650
854664
820753
907556
704782
892210
494761
997804
605651
451633
108546
626096
920236
560691
180400
263707
275487
811007
974911
869053
207665
531587
345659
415021
864093
585027
986773
280106
330274
961789
578994
751704
212955
486932
386229
940866
106324
058220
825579
739860
961297
655343
333735
861950
126745
340776
836108
418599
461790
435654
876411
258868
673858
543563
567434
057321
087344
205992
607038
112374
287351
036987
866007
316609
814667
048696
470666
185045
122096
800790
816450
538046
295061
612998
133740
925183
936479
428029
991945
727012
937463
926483
733484
341800
782762
839459
546628
335231
697303
812205
238262
236277
089610
607891
539443
992076
459700
300221
739184
977487
834674
947730
238459
719666
393697
019607
041241
838274
535571
875315
318443
166184
791556
777633
793322
440889
016852
158743
204464
195402
739553
107003
702791
902248
729003
996081
254551
720749
030182
379621
948923
424823
057294
395079
410718
999248
886234
596770
294521
969829
535066
816651
065595
116499
687246
695618
218228
934088
777099
030825
268475
682257
267265
602482
856991
906215
968236
682304
973130
584802
490206
920752
636196
037629
795047
169708
905889
614606
085560
307439
727616
376183
043327
944637
686766
449697
496326
597430
645116
165408
880441
459457
179254
341084
962314
440795
234797
991230
797805
937065
325293
196393
447655
339755
962794
420007
939172
322992
129329
882711
792100
077862
577511
418754
617169
816170
435444
721670
073182
334165
450812
378650
074277
911388
632960
098892
463900
429138
727572
187332
127766
711953
796304
768866
289913
791068
468539
061492
389217
149880
370428
946045
488347
212818
831982
911192
862069
304807
113635
353259
748078
023638
854115
871966
779812
046050
433340
018756
179292
876698
726912
162932
816163
086263
232397
708640
796903
451419
383870
269503
440834
395226
498399
860614
195844
480691
213820
579844
789648
390921
862563
616596
135853
614674
602464
403076
401793
089971
873621
843885
365266
269540
931229
014200
399851
828550
988922
544626
151044
366941
659187
036528
247414
843537
600470
199424
857400
141055
011114
570277
335615
301621
255909
671549
810300
000496
910766
098241
809511
951242
578617
315505
350207
593758
692948
162121
532549
650597
679857
309558
761484
735166
909502
878100
736630
207160
079548
288766
608947
251611
579910
302215
083546
916666
721888
232819
901461
183740
711807
883281
247009
589297
912473
397901
267883
285432
130568
713724
225565
065861
694085
524055
296085
545017
363273
545745
653771
568047
447962
898499
235303
352661
523593
510394
502381
752541
958236
965142
786487
394823
555714
664899
663525
914120
425714
042128
942651
129385
271134
802359
115889
766280
263653
675876
995035
498461
525380
415844
436902
337477
908278
150688
037247
559764
620994
248593
759487
118829
169171
898609
511977
518737
143933
976271
067881
689501
850743
000808
643622
205250
576396
265772
010954
078565
111331
354157
849013
466022
116397
970481
249744
417035
849088
941785
027971
142232
640656
251577
731218
015605
490288
845325
118989
157020
522544
072251
418767
587467
233037
325260
618265
177705
391404
909577
671225
879162
929906
387508
153078
822265
732709
633460
876980
506783
397537
807334
291777
688418
385831
380028
392242
772786
524784
630468
556369
030539
193699
243141
401049
900251
127066
420082
913419
049008
069200
353642
375858
951402
036022
053025
276573
958742
271597
448625
618630
649573
069243
520721
513875
438591
111864
515882
378733
787451
929137
005205
008220
825045
959703
455114
013245
584335
005405
389748
325922
425899
788295
522984
174308
071680
929836
310088
262015
496397
629395
301091
159894
843279
419355
235531
880552
209597
640368
513549
263556
937849
529069
607553
786461
769874
995373
215767
195883
335823
825025
814488
555546
852764
892051
732812
300297
791241
046626
572028
466966
468443
235018
825834
778705
186880
810240
270378
020019
157732
661211
405061
472770
907319
917322
060492
681657
529257
824155
019987
293516
972465
117335
909674
641512
360065
336434
746386
156099
290565
220387
422287
104218
594060
169082
686929
234977
394418
662751
891434
527961
264501
617465
767401
318553
921903
945983
436341
742644
846325
668250
942503
583581
486022
794015
292128
440272
541535
664589
189007
794964
347615
367250
660935
499629
722485
712781
474791
198744
401973
471507
027786
631730
011138
902650
778988
348726
094394
895487
411541
551084
560924
474953
409392
443912
855322
587021
310340
548647
776619
103204
865704
547747
599793
181776
910088
392295
620443
899270
934196
788565
400926
948298
206143
702913
236870
871697
952181
099988
646312
211523
957433
029641
680569
346838
670965
158539
574155
764682
679869
654665
241435
831296
145311
775073
959776
436061
000010
520598
902692
133408
838357
729288
559176
948939
563971
202853
973127
836238
132999
515612
632009
058077
075603
344185
561191
969450
543103
783066
529117
005053
405899
837846
181586
411656
697630
729026
501118
400634
975017
659070
536714
825509
681406
763100
524837
976449
324674
619888
280776
424928
071277
764373
328230
622617
361653
817041
164904
943769
276039
594490
432847
516425
904392
997187
496246
424918
410805
357446
221976
252569
544976
978788
978392
241684
058307
998529
835666
606101
956959
615885
622920
405567
771220
088399
729490
801151
901948
986666
876895
051858
360103
780590
341144
336783
090891
141809
260583
440014
352535
442523
373404
981058
562492
934663
760749
799737
763418
637646
707463
634808
198923
734836
533165
685325
370141
463398
871460
332283
001873
766907
380124
871874
782999
608723
587317
727442
388493
311963
476336
784766
739824
638271
516784
411590
679274
789021
170025
450425
815668
312583
171965
439832
807381
634798
786232
422735
372006
696567
392734
110658
910349
576529
965728
927374
443766
826375
180016
130205
860018
149040
386499
700826
431796
215742
054417
654950
598241
121377
188596
041868
991597
375250
976818
523438
413833
694306
894409
465234
830706
429713
506686
062925
159952
544522
190780
842961
766627
378283
812222
322108
017628
279293
992585
569469
435451
363341
309611
599754
766718
272267
121984
986645
302384
497348
918030
572748
010834
753878
661800
567285
196892
419918
701636
692630
061691
269814
331735
988399
882160
381580
638108
420479
460873
307228
120698
609332
383233
546205
614984
680375
359998
859736
731344
369310
478520
119796
731117
334536
382513
671155
637702
638256
167233
692124
476428
436417
185320
350204
398839
135813
003851
343341
489197
196044
469529
522005
159541
855126
561072
474581
199479
468612
128751
174750
278768
875494
544154
860640
082359
359540
289300
024447
518124
189521
165800
720231
553122
511671
895417
339981
756873
594246
119969
567940
385650
648488
255522
164028
240959
543481
146413
531241
348240
804557
340291
536934
261216
377558
789130
808002
214732
720072
806262
801724
249640
609103
343448
422440
043476
189256
403957
620844
611328
215162
954882
750621
890469
940619
422384
325993
625145
402701
518273
840373
586831
161583
431739
933447
931394
766128
638245
579342
528766
557820
664454
929835
288327
907457
246393
870794
023672
066907
394609
332755
361475
080628
058771
419387
078591
756653
656436
514699
474947
396146
044515
855750
145440
203953
894714
380297
357887
841006
842602
587729
575282
752027
143684
777059
979059
467133
248274
466613
113285
964570
001926
865532
939012
616292
453879
328554
595583
589921
383342
678473
491292
491115
225927
345545
793236
727533
166065
111103
752020
136258
522182
204392
652431
573348
801839
621750
471543
915145
639821
666949
672555
677595
920219
534959
923649
618776
959025
931650
810951
907336
873585
753710
558537
519371
512977
126126
852218
727893
345813
285803
100832
741154
650794
604053
164794
854686
366583
976063
705049
393519
281295
556729
788237
763995
700346
315515
815124
498791
241435
694364
353699
454755
671602
607965
349446
086586
228191
627966
034422
578910
609236
061200
099231
771099
438206
082326
795959
535898
803517
369776
782626
498143
693644
194846
108577
341953
828171
637128
017452
205371
604844
045259
098384
697241
704213
247591
864274
026412
241217
395504
973451
689019
533220
845650
635202
576324
688947
702065
017685
544368
697985
048576
540357
656735
461380
641488
340992
688866
612478
834671
732427
959914
476938
207806
843036
295906
683433
925328
188997
168364
294344
676310
120227
689684
309744
959257
089627
836007
755311
814903
344103
822566
339979
212983
686238
300751
864454
853206
838579
224446
678255
893310
577535
460749
894946
721218
116493
293511
832325
149149
854744
757800
569988
738167
245748
222703
678324
264375
055695
091269
187792
294779
967251
269693
426457
307594
864071
488642
837947
194964
880421
254261
762924
629001
533334
846587
935922
976394
328797
298857
815617
335124
617186
810229
083508
212877
240184
503739
232751
164539
906429
595177
900674
155688
109159
815831
980135
197881
617258
486528
134769
290222
407793
800084
498747
307289
872088
550199
489066
013342
255719
643950
499245
846385
503349
570729
730891
675058
409641
988927
357703
208289
915032
704957
671705
047551
695395
692668
677875
729007
351906
406232
153062
583852
728255
211260
667367
865790
303093
223252
702492
570816
249051
134172
663577
257596
739731
651320
755429
620746
506811
833994
117662
827582
094217
394127
922790
048008
452446
610388
577775
285194
172069
101174
461909
519500
384056
576654
968891
287901
745170
709833
580906
927633
405022
041496
390518
899125
903856
520301
883717
814732
981293
663611
122339
300116
790148
715644
499354
631926
748632
271795
530904
646116
337875
410653
899728
956465
271820
539098
582935
417626
840626
